    parlamentar_nome     | sigla_partido | total_planos | valor_total | municipios | objetos | negados | taxa_sucesso_pct | valor_por_municipio 
-------------------------+---------------+--------------+-------------+------------+---------+---------+------------------+---------------------
 MARCOS ROGÉRIO          |               |           31 | 36820847.62 |         21 |       6 |       1 |             96.8 |          1753373.70
 MARCELO CASTRO          |               |           91 | 36124347.62 |         91 |      26 |       2 |             97.8 |           396970.85
 RANDOLFE RODRIGUES      |               |           32 | 36019000.00 |         12 |      12 |       1 |             96.9 |          3001583.33
 DAVI ALCOLUMBRE         |               |           22 | 35831696.23 |         11 |       2 |       0 |            100.0 |          3257426.93
 CIRO NOGUEIRA           |               |           90 | 35831696.23 |         90 |      27 |       1 |             98.9 |           398129.96
 JUSSARA LIMA            |               |           73 | 35676597.63 |         65 |      16 |       8 |             89.0 |           548870.73
 ROGÉRIO CARVALHO        |               |           70 | 35626847.62 |         50 |      22 |       5 |             92.9 |           712536.95
 GIORDANO                |               |            4 | 35621000.00 |          3 |       2 |       0 |            100.0 |         11873666.67
 BETO FARO               |               |           23 | 35322500.00 |         18 |      11 |       0 |            100.0 |          1962361.11
 CHICO RODRIGUES         |               |           19 | 35129348.61 |          9 |       9 |       1 |             94.7 |          3903260.96
 LUIS CARLOS HEINZE      |               |           90 | 34737196.23 |         85 |      15 |       6 |             93.3 |           408672.90
 CLEITINHO               |               |           34 | 34657596.23 |         30 |      14 |       2 |             94.1 |          1155253.21
 DR. HIRAN               |               |           16 | 34134347.62 |          7 |      12 |       4 |             75.0 |          4876335.37
 MECIAS DE JESUS         |               |           29 | 33736347.62 |         13 |      21 |       1 |             96.6 |          2595103.66
 JAIME BAGATTOLI         |               |           39 | 33537348.61 |         39 |      12 |       0 |            100.0 |           859932.02
 JAYME CAMPOS            |               |           54 | 33338347.62 |         48 |      20 |      11 |             79.6 |           694548.91
 DRA. EUDÓCIA            |               |            8 | 32835000.00 |          7 |       5 |       2 |             75.0 |          4690714.29
 EDUARDO GOMES           |               |           37 | 31646847.62 |         36 |      18 |       1 |             97.3 |           879079.10
 ELIZIANE GAMA           |               |           17 | 31330437.62 |         15 |      10 |       3 |             82.4 |          2088695.84
 NELSINHO TRAD           |               |           16 | 31049848.61 |         13 |       8 |       0 |            100.0 |          2388449.89
 VENEZIANO VITAL DO RÊGO |               |           64 | 30849975.00 |         63 |      25 |       4 |             93.8 |           489682.14
 FERNANDO FARIAS         |               |           46 | 30253847.62 |         44 |      17 |       7 |             84.8 |           687587.45
 ANA PAULA LOBATO        |               |            9 | 30148500.00 |          9 |       2 |       0 |            100.0 |          3349833.33
 LUCAS BARRETO           |               |           28 | 29949500.00 |         11 |      12 |       8 |             71.4 |          2722681.82
 ALESSANDRO VIEIRA       |               |           68 | 29940545.00 |         42 |      27 |      16 |             76.5 |           712870.12
 STYVENSON VALENTIM      |               |           40 | 29850000.00 |         34 |      18 |       4 |             90.0 |           877941.18
 OTTO ALENCAR            |               |           27 | 28866696.23 |         23 |      14 |       1 |             96.3 |          1255073.75
 ROGÉRIO MARINHO         |               |           60 | 28307750.00 |         60 |      12 |       0 |            100.0 |           471795.83
 CONFÚCIO MOURA          |               |           21 | 27760500.00 |         18 |      11 |       0 |            100.0 |          1542250.00
 PLÍNIO VALÉRIO          |               |           39 | 27590952.00 |         24 |      23 |      10 |             74.4 |          1149623.00
(30 rows)

